11.6342
6.2399
14.166
14.8464
13.2549
12.5559
11.4509
6.5393
9.2407
15.8188
16.8812
15.7043
8.5661
15.242
15.4785
11.7265
14.8697
5.8531
6.5096
10.5432
7.0944
10.8857
10.809
17.941
13.1355
16.2367
6.0844
15.7715
9.3099
5.3916
7.767
5.9172
13.0597
18.352
7.0652
11.2608
9.7168
14.0165
17.1509
16.1814
9.2127
11.9559
8.0921
8.5686
6.8473
11.5463
6.9148
7.7401
4.0558
5.6794
12.6528
12.9402
5.4013
11.9527
6.1488
8.1248
5.6112
9.6138
7.2943
5.789
10.2165
10.3075
7.3541
10.0673
4.0703
11.0072
11.2842
15.7306
8.4634
14.3692
6.0222
8.1517
11.6703
14.7583
9.9988
5.3312
13.7817
11.8314
4.4401
7.1824
13.106
7.7028
11.1953
5.9181
6.9312
11.1941
9.0681
13.9707
8.4597
2.9529
15.2655
9.7592
12.1176
9.3464
15.2885
19.0794
9.708
6.5686
11.1741
7.4617
7.6319
11.7207
9.3946
10.8958
5.9661
10.6999
5.263
8.1096
10.1112
6.9577
18.9144
9.7738
4.25
8.3443
7.073
8.0418
13.2974
6.5351
11.2611
9.0065
8.4095
9.0443
8.0633
14.8384
7.5223
9.0686
13.2804
4.8913
9.232
8.2014
12.5815
9.1657
6.329
8.9316
8.1389
11.6909
5.0823
9.019
8.4204
9.5429
11.0275
7.2504
6.9789
7.9776
10.6457
8.5933
11.9289
7.3848
8.2844
8.0397
19.8887
12.086
9.7084
13.7854
7.3613
11.8885
5.3931
13.8679
8.1187
7.043
10.5634
8.6701
9.2772
17.6003
6.4144
11.2326
14.0475
8.2087
14.2012
8.3806
11.6088
13.0185
17.0297
14.3138
5.8814
13.612
12.7217
10.9431
11.8751
4.6767
6.687
7.4622
15.21
8.4259
5.6085
10.2478
13.1316
11.6118
10.3452
4.4035
9.1885
8.5772
13.3978
5.3087
13.4915
14.5951
7.3758
11.6041
16.8323
13.8665
11.818
7.4347
5.5534
5.2762
7.6128
18.2259
14.5334
6.1086
10.1469
13.9523
10.0396
9.6138
5.8026
3.991
11.0123
6.0879
11.4842
13.4214
9.7311
10.6601
8.7193
13.3267
7.3876
8.915
5.9992
7.0284
7.3463
5.5152
8.3866
11.4819
11.4451
11.826
14.9658
9.5985
6.0466
13.1586
10.2273
9.6505
7.0043
13.0664
7.4305
9.4214
14.1284
12.1878
18.3148
11.6291
5.6474
4.7109
9.427
13.1991
5.3953
5.1951
16.3444
8.0229
9.4393
7.6972
8.7268
6.2394
4.3155
6.4175
9.1213
10.6834
9.0735
8.9587
9.9869
6.4508
10.4844
6.6181
8.1226
15.6047
10.3519
13.0201
8.4163
4.0612
13.299
12.295
9.693
5.8131
8.0557
9.7781
10.6597
7.9479
7.7836
4.5642
14.6114
9.2232
15.6351
7.1907
5.767
10.0434
13.5402
8.0863
8.531
5.9578
16.0412
11.0059
6.7935
12.4329
5.2938
10.8303
7.1617
10.8078
7.4175
5.5315
17.3696
8.1916
5.2066
6.6156
10.9139
11.5325
8.038
5.067
9.844
8.6122
5.4721
9.753
9.0567
6.8176
14.0371
10.1793
8.3686
5.4726
6.8641
7.3463
10.321
12.0451
13.7901
9.0952
7.0929
5.6305
11.7502
5.8729
8.8042
7.6716
6.7362
7.8843
8.1721
6.0306
9.9411
19.5778
9.6645
5.3919
5.9654
7.8763
8.5219
16.7904
8.3276
8.7198
7.1477
12.2378
8.7306
13.0034
7.4783
12.7623
8.4266
13.8732
4.3455
11.151
5.7914
7.5856
6.1269
8.2186
4.1742
8.4168
8.9533
9.3816
7.2329
11.6191
7.3886
5.428
7.075
7.7949
6.2244
7.6293
8.3721
11.2868
9.188
7.4955
5.8283
10.2771
8.7594
10.902
8.1006
7.9169
8.8816
7.9938
9.7849
5.2007
7.0077
8.8783
8.2483
6.7229
11.0924
14.1813
6.9008
12.168
17.5266
8.5797
8.5912
6.2303
8.5975
6.4651
7.6805
13.5922
9.8457
6.5234
5.8445
13.0317
11.0582
8.7839
10.2551
10.0031
13.3731
15.7503
15.866
10.2963
6.12
9.5204
8.972
6.6496
9.739
6.3927
10.5158
9.6856
11.8583
7.2525
5.7474
8.5964
7.7669
6.9701
8.6405
11.561
7.3313
9.6318
7.1101
9.691
6.6215
9.0388
11.5012
4.993
8.3245
8.5567
9.6473
13.7014
5.2299
6.4531
9.4298
7.756
18.3345
7.9269
7.7024
7.5636
16.6712
9.8661
6.5817
7.3674
17.1722
9.0701
9.1607
13.8514
10.2432
8.4614
11.3794
9.805
8.7405
7.8867
10.756
10.3235
12.0013
12.6361
6.7531
15.7882
8.8063
8.9696
9.8226
9.2687
9.6246
6.4662
6.4551
7.974
12.4464
8.197
11.8991
11.4404
6.1445
8.8347
10.3282
9.4459
6.0242
4.9809
7.1325
6.9844
8.8044
13.5748
10.5403
6.8812
6.3979
9.231
8.2082
9.6562
6.9293
5.184
8.605
12.6185
8.3419
6.0359
9.16
7.9718
11.4023
8.659
8.0479
9.7069
7.0416
5.1719
8.1453
10.4488
13.6218
8.0055
5.7467
4.961
11.4775
10.772
9.9058
5.6039
5.7888
9.8789
12.5517
11.7779
11.0924
8.2831
6.2897
14.2579
6.5071
15.669
7.4354
3.3828
6.0994
8.815
11.3163
9.616
15.2277
8.7132
13.3119
13.0963
10.7477
8.6635
8.1381
9.6729
10.6953
5.8704
9.0011
7.2972
8.088
6.8797
9.0879
4.4636
12.3517
8.0077
7.5189
8.892
9.2012
9.9288
13.0727
7.3978
6.2471
7.1158
5.6699
9.6419
12.9362
11.2474
5.435
10.6837
9.4476
15.7782
6.4949
4.5729
7.8309
13.7939
10.107
13.8132
16.0538
10.4518
5.8212
7.4969
9.1171
7.8107
3.6756
6.1978
9.1201
7.6722
7.2918
4.8932
11.8785
11.8229
14.6872
8.1946
8.5019
9.4829
8.278
10.2584
13.3197
7.0207
13.5284
12.7858
8.1972
6.4911
4.4282
6.1394
12.8453
18.789
9.6858
6.8529
7.0273
4.8606
15.1702
6.9716
8.0629
11.006
7.894
5.296
6.7464
9.0218
6.1652
7.4228
13.2756
6.5919
9.0101
6.025
11.6435
11.2225
12.5832
4.6971
13.4689
11.0664
6.1093
5.5317
9.731
10.4663
7.4554
6.376
9.0019
6.6317
8.3655
11.3395
11.6861
11.3629
6.4791
5.8271
11.1295
5.7315
12.5387
5.6356
11.5672
8.8818
10.8255
19.581
13.2467
10.1396
12.2565
11.4857
9.9181
10.6617
9.8364
9.8601
12.6489
6.0701
7.5678
10.7766
12.4089
6.7825
6.2332
9.9801
8.9005
14.6644
6.5198
7.1843
8.7741
4.2062
7.199
5.4605
6.3034
7.2115
7.3012
7.4817
6.1999
8.7904
10.4186
8.3169
11.658
5.4935
13.9308
10.4389
9.4416
10.692
6.8751
10.5557
8.4217
9.8511
9.6684
8.0683
9.3847
6.3316
7.0464
8.0174
7.6583
7.9438
6.3156
8.1138
5.6582
10.8573
11.406
8.2453
7.1801
11.0236
4.6477
12.2628
6.9917
7.9717
8.5004
8.7903
8.8157
10.4566
7.9053
6.4235
6.7393
4.1825
9.4648
9.9318
14.5062
8.3708
6.5959
15.0337
10.1401
10.3294
10.279
12.4674
7.0648
5.7697
4.6518
8.3763
12.4759
10.0919
11.2837
10.8058
10.9992
15.2677
9.1058
4.6893
8.6728
4.5256
8.1641
8.1986
19.5279
9.8457
7.8812
8.4054
9.763
9.4761
7.9232
10.3707
8.5921
10.1533
10.1979
6.1036
8.821
7.7367
9.8679
10.1277
12.792
12.5919
11.666
4.6782
11.4922
8.0021
13.4194
11.8949
6.5483
12.2053
11.9219
9.2018
6.999
10.3078
7.7792
14.9907
11.5731
5.5973
13.6988
6.3592
12.0364
7.2496
9.8554
12.1278
17.718
12.5557
12.508
7.7286
11.6789
12.6534
9.608
8.0011
9.6404
6.6396
4.5292
10.1673
5.5989
6.7975
8.8965
16.6116
7.226
13.8298
15.4078
10.9497
10.4933
4.9008
9.3355
16.3304
10.2833
7.7492
5.1545
5.0631
5.8682
8.7601
10.1457
8.9695
13.6753
7.9723
5.3506
8.0655
15.0126
6.8781
9.3321
4.5126
10.0701
9.5276
7.3239
8.4385
11.3414
16.9918
7.7731
8.6975
6.3009
5.5783
9.594
9.804
13.0138
8.0292
6.7343
9.855
12.312
6.6137
5.4186
8.7168
5.9101
7.0842
11.3685
14.6596
8.5534
15.5706
5.0332
6.094
9.3223
12.743
12.6259
13.7626
10.4741
17.3724
6.289
5.7568
10.0199
9.4439
6.1982
5.8531
8.265
9.2801
7.3178
4.8183
11.7264
7.7671
7.3466
9.4904
14.9787
8.4827
6.5157
3.5389
15.9524
7.1143
8.678
6.4762
4.8435
10.3447
9.3186
6.5103
6.4117
4.4845
8.7264
6.5318
8.531
8.2641
5.3907
6.2788
6.5208
9.0551
6.3881
10.8142
6.1225
6.2168
4.9741
6.8752
8.3368
6.1585
7.1497
11.6727
11.7282
10.2748
7.188
10.8273
4.986
5.9901
13.4182
8.9711
10.2521
7.7126
9.2435
9.6535
11.333
10.8603
7.1576
4.357
8.4292
4.8162
4.5574
5.538
6.877
7.7637
7.0637
10.0106
13.1861
7.7513
9.8964
5.8341
12.5037
10.3852
11.6724
6.2909
13.5255
7.31
16.8267
13.7713
6.8287
7.9413
5.2372
6.4523
7.4303
7.8237
6.7701
6.4663
8.1429
3.0861
9.5999
8.0931
8.7263
7.1517
7.3259
7.8731
6.9795
7.9499
7.6417
4.5667
5.7025
6.4665
8.4403
10.8356
5.2241
7.7712
10.574
6.7522
10.8796
7.1578
10.4477
6.264
4.2647
8.2456
8.8291
9.6367
13.9581
7.5918
7.1934
4.5487
7.6325
9.0144
4.2747
9.0933
8.8196
11.4537
10.3353
6.2109
7.9938
8.1861
5.4782
7.7412
10.7851
5.1967
9.9656
12.5418
9.2445
5.3072
4.5826
6.2793
7.8047
14.0761
8.2993
6.7857
9.8062
7.0775
3.6898
5.8488
7.2928
14.1325
6.6539
7.4976
10.0291
7.7632
8.6681
10.1853
5.9456
5.2537
8.0848
5.558
4.2381
4.2016
6.696
7.9216
4.4638
8.1781
9.1357
6.9772
5.4241
9.0858
8.9215
3.8992
7.0073
6.5546
5.9752
4.3581
6.0144
6.4856
8.1815
10.809
10.2738
5.7616
11.6792
13.1147
10.1493
9.285
10.882
6.8328
8.5776
8.7242
6.6553
12.3303
6.7448
4.1346
6.5618
7.7554
8.0735
6.3305
12.2758
9.0535
13.0751
9.8751
14.8811
10.1601
6.9376
10.8856
4.2119
5.4907
5.392
7.0519
5.6651
5.8484
5.4019
6.7972
8.1651
7.4753
9.1859
6.4817
6.1077
9.5538
3.9123
5.9008
8.4688
16.4803
11.8185
9.8825
9.2955
9.5243
4.4964
7.1482
5.8291
5.3444
13.0606
5.1102
4.6236
6.081
12.8462
6.7959
7.9463
8.9089
10.5074
4.4877
6.8444
5.9434
9.8699
15.8331
6.4371
6.2208
7.7275
11.4798
7.7474
7.4697
4.3548
7.1901
11.0993
11.009
7.647
9.5037
6.3009
8.3683
10.9641
14.9196
8.9875
4.5627
8.1273
5.0638
8.7997
5.9449
7.9005
9.2855
6.2159
9.0538
11.1241
8.8791
6.6309
7.8569
5.5809
5.9992
10.7758
10.5174
10.0915
5.9477
5.0216
6.9361
6.6813
5.3954
7.7711
7.5863
11.8623
5.3627
9.9151
10.3736
7.6777
14.0861
6.5083
10.5615
8.7829
13.4504
9.5926
8.0242
7.2917
10.1069
5.9351
8.8375
5.2756
9.2609
7.2626
8.8219
7.5854
6.8739
5.2879
7.5683
8.9109
14.6252
4.2897
9.7605
5.9306
7.8948
6.5532
4.9873
6.2118
7.1063
6.8763
5.4626
4.1471
4.2773
7.0045
12.1428
7.9532
8.6154
10.847
7.7579
7.8182
14.0037
6.5798
4.3903
4.9646
6.3457
8.8865
4.9583
5.8789
7.5665
3.9633
5.7866
3.9828
6.8372
7.6306
10.5114
12.369
5.2433
8.8115
9.2825
5.6747
9.0385
6.9876
9.4265
8.7188
12.7568
7.9722
10.6819
6.9027
11.3991
7.9255
11.7538
8.6888
12.1599
7.6437
5.1279
5.0515
21.5567
6.1158
7.8106
8.1723
6.9759
6.056
8.2267
5.2589
8.4098
9.0754
4.8177
5.8538
5.4757
7.6004
4.2775
8.9003
7.4651
7.9649
8.4644
8.1593
7.6925
12.398
5.1536
4.9962
7.298
7.4935
8.2872
8.1809
8.178
3.3321
4.3607
4.8061
5.2315
7.9677
4.7154
11.9187
5.3867
9.7952
7.289
7.2116
4.6508
4.9317
7.3214
4.5265
5.7695
9.7144
2.9608
5.2947
7.3642
5.0237
7.5986
6.4085
5.7237
7.4343
12.8301
10.1305
6.1457
5.1259
5.665
11.3479
7.1298
6.2392
5.7178
12.9982
6.9945
7.6061
5.6649
3.9664
4.4912
6.807
5.7386
5.795
5.254
7.5025
4.1077
4.1032
6.6399
16.1901
4.3176
5.3662
5.7441
8.9284
4.7439
9.5875
6.3694
6.6026
4.9142
4.2866
10.9235
4.471
4.6541
8.5869
6.9066
9.6454
8.8788
4.1917
8.2121
9.3357
4.2338
13.1658
10.5312
13.3508
4.4066
6.358
6.1324
6.753
9.2543
4.8909
7.0822
6.37
3.5878
6.7498
7.5361
6.1598
7.1021
6.875
5.9449
7.5275
8.3416
5.623
4.1189
9.6638
10.3542
7.9261
6.4665
4.8293
6.3822
8.7053
6.0719
8.9147
3.9306
6.9725
7.6831
8.4772
6.4772
5.9093
6.1235
5.7861
8.5434
5.9876
6.9463
6.1427
4.6348
6.0215
4.683
5.4935
5.5836
9.1271
7.119
17.8004
8.7655
7.4941
9.4194
7.5953
6.1971
5.0895
5.4121
3.1368
6.8469
6.7094
9.9981
5.6142
4.988
5.6163
8.2536
5.5745
8.454
5.6354
4.3357
8.8553
3.4286
6.1522
9.1166
8.6204
12.542
5.0411
8.2591
11.3275
4.148
8.2912
5.5592
3.2234
11.2298
8.3663
15.1272
3.312
7.2835
7.2135
7.3604
8.2205
9.1989
3.3746
7.2104
5.582
9.1345
5.8489
4.6096
7.4899
10.9783
11.3837
11.7518
7.0344
5.2246
8.5209
6.1879
4.3161
4.5602
5.8257
12.1652
4.1092
5.1695
6.7115
7.8172
8.1314
7.0807
9.804
13.6086
5.0222
4.5586
6.9192
7.4891
9.871
3.6289
5.6642
7.8138
8.7111
8.5945
5.5201
3.2725
5.8857
9.4212
5.6023
7.9366
3.4701
8.1832
17.3818
7.5276
7.6076
12.5203
5.1448
9.1699
5.8632
3.664
12.3241
11.3639
5.4811
8.7076
11.204
6.2138
6.3011
8.1489
11.789
8.8766
10.1368
10.5981
5.9696
4.26
5.4315
6.9896
6.6333
9.2114
8.6873
8.24
7.8196
7.8638
4.9708
6.2385
7.5764
6.1911
6.0714
4.8339
7.4322
12.0412
4.0833
6.0557
7.3807
6.7385
10.9599
10.6246
6.6773
7.7952
11.3349
4.5759
7.5073
6.8085
9.8148
6.2891
9.6067
7.5771
13.2213
5.142
7.0589
8.7989
7.8548
8.0194
4.5347
2.6653
9.1583
4.3924
8.2895
8.138
4.8954
5.6986
6.7586
6.5838
10.6339
10.7696
4.9778
6.85
10.8285
6.6931
7.8939
6.2882
12.1404
6.1784
6.2038
6.3829
11.5251
6.8778
5.2942
12.1824
3.8162
9.4746
5.8359
8.5871
8.1235
6.6075
7.0715
10.779
9.4385
4.3479
9.3352
6.5045
4.5497
11.9447
6.6026
8.9131
3.5833
7.6444
5.7283
5.7076
5.0639
7.8845
8.7697
6.1252
8.2776
6.8915
5.156
5.4178
4.4248
5.1606
10.5387
10.7545
9.085
9.1976
8.0005
5.2546
9.4707
2.9784
5.8234
8.4589
5.2816
7.4851
4.6198
8.2906
4.2581
9.0916
6.7976
12.7314
5.5678
5.8864
7.9243
5.1411
6.556
8.6267
3.9492
6.2728
4.7174
4.0249
7.9041
5.7603
6.0968
6.2899
7.7602
6.3348
8.2595
4.459
6.8142
10.8712
4.5306
4.918
8.1783
7.9885
7.563
6.0122
4.2509
5.3397
8.0276
5.1041
8.9725
5.3573
3.0926
7.229
8.1365
11.8087
5.4649
6.1754
10.3441
12.5895
7.3506
6.5499
5.6583
11.567
4.5801
4.2469
6.2994
6.1966
4.6346
9.7596
5.0461
10.9547
3.3265
8.6929
6.1625
10.7589
5.0768
7.6207
3.9345
8.9086
6.7086
9.8795
7.1345
5.9387
6.5771
8.0332
7.0694
6.6215
5.6999
11.9884
10.2712
8.0649
10.6998
11.6304
8.6053
5.4314
6.6323
5.586
13.2517
5.6286
4.4963
3.9306
7.4566
6.2276
9.5222
8.8837
6.1317
4.5334
5.0306
8.9269
5.5194
6.7644
7.2225
8.7241
12.5456
7.9719
9.1956
5.0329
14.1674
5.9053
2.778
4.0462
4.4707
10.9728
3.7284
3.4076
4.6872
11.8711
15.4739
15.9785
5.6077
10.668
9.2118
6.5474
4.9052
5.8454
6.217
5.9437
10.0526
4.1983
4.7504
12.7678
8.8641
8.6196
7.2128
7.8764
6.5887
5.7157
4.4918
3.5036
9.6909
8.0974
6.7272
10.0593
4.8479
16.7573
5.6118
5.3604
6.2548
12.1008
7.1295
4.8849
3.2345
4.3593
4.4474
5.62
3.8133
3.3263
4.1569
7.0838
6.4775
4.6401
5.0212
15.0391
10.1137
5.6624
4.9347
7.6476
4.5248
4.9465
4.4726
3.5215
3.7573
10.3294
7.745
18.5226
6.1081
9.4541
6.835
9.7668
3.8415
7.4561
7.365
3.7975
7.4176
8.676
6.4942
11.2047
4.9677
3.5924
6.8842
5.1164
5.6503
2.1261
6.7568
7.77
8.9249
4.6044
10.2685
7.7361
4.9166
4.128
9.2331
7.5731
4.5907
4.9805
10.718
5.7385
5.5835
7.3436
10.5141
6.6245
9.0126
11.4406
18.3641
8.697
5.3832
4.8376
12.1575
6.8221
4.0064
8.2866
6.2413
3.9167
8.7149
6.9413
5.2694
9.9318
7.6208
3.6925
13.4433
4.125
4.6128
4.9952
6.4974
7.9168
6.5978
7.3026
7.0641
4.2748
10.2611
7.4072
4.6338
3.7644
11.2246
8.0187
3.4298
6.4991
3.3198
4.4359
8.2209
7.7217
5.0119
4.4876
5.0354
5.0738
9.4113
7.6028
6.4246
5.2512
12.3438
8.2024
6.2016
10.7051
10.9273
4.5758
11.4893
9.5196
6.9671
7.598
3.5164
4.1014
6.6493
3.9991
6.3439
3.351
9.9562
4.4348
4.6837
6.6837
4.2972
7.6651
4.6255
5.3113
5.989
6.9672
3.6591
4.9377
4.8081
6.4225
2.6668
8.9676
3.6013
6.009
5.6078
7.5835
4.9776
13.6552
5.9425
4.8031
9.5522
7.9515
6.1196
9.0564
6.5266
5.1223
3.6268
7.933
8.4207
6.9707
6.4353
9.3917
5.4045
3.7194
6.2643
9.0583
5.8203
4.8453
9.1523
4.9438
6.2531
8.2805
4.6549
11.9763
3.7389
3.374
7.5703
9.9719
5.3928
7.4679
10.4023
5.1561
6.1652
5.4662
4.8272
5.6926
6.3055
7.7011
7.8209
5.3483
10.1635
5.1439
6.4506
3.9685
5.2414
3.7955
9.6982
8.1598
9.8887
4.2143
8.9917
7.2611
5.7805
7.6209
6.9466
16.2612
11.5806
7.6778
3.0217
8.7455
13.7978
3.7817
4.4728
3.798
9.296
9.2432
5.745
7.3849
16.4956
9.0446
6.9632
6.7062
3.7522
10.2698
10.0965
4.956
5.398
8.8201
4.8739
5.5298
5.7264
6.0366
8.6872
4.6087
6.1915
8.147
4.6455
3.2502
11.0788
7.4671
9.2145
5.4389
7.9522
7.2167
5.9653
7.9951
4.4717
6.9116
6.1947
6.009
9.0003
6.1366
4.4673
5.147
6.5356
10.9252
5.5272
6.299
5.9354
5.7197
8.6845
5.893
3.8356
5.1708
4.6305
5.207
7.0859
10.5964
9.4486
10.1478
8.5363
9.9295
8.73
2.7423
7.976
6.858
7.4786
4.3928
5.8358
5.2895
9.9245
9.6939
5.6404
7.2835
9.1055
6.2973
5.9188
11.2276
5.7314
9.8391
5.776
8.5573
6.6241
3.5283
7.949
5.1617
11.8836
5.9088
5.0255
6.8031
7.5344
6.4917
8.2549
5.2543
9.7516
6.7571
6.7915
4.4918
6.8751
13.1963
10.4067
6.6005
2.9231
13.627
4.8389
4.0648
8.9436
6.0011
9.0991
6.7006
10.0436
12.9383
3.7753
6.6172
3.9234
12.5417
7.4538
5.0158
6.1326
10.9288
6.0297
8.5082
5.5349
4.0559
5.9389
8.2267
10.5736
5.2559
14.5853
5.2241
7.421
6.4987
6.2166
4.636
4.9345
6.6411
7.2243
9.1839
3.3696
7.4061
6.8199
7.4639
7.6976
4.579
5.3531
6.223
4.0057
8.9632
6.4859
7.1077
4.1953
6.6189
5.1936
11.4088
7.3196
3.0005
11.8112
4.7043
8.1705
5.8831
7.8586
4.427
5.8893
5.9796
4.4124
7.6639
7.1562
7.453
6.3589
7.5704
4.0338
4.1379
5.0963
4.9367
6.977
7.4785
5.3077
6.3129
3.5864
6.2501
2.9438
5.0688
5.2982
7.4887
8.8777
9.6962
7.4035
7.0476
4.6282
10.4672
6.0253
6.7233
8.8541
4.9868
11.5194
6.6296
4.3705
9.7939
9.3757
6.4636
5.198
8.8067
6.1369
5.7415
8.0654
10.8005
5.4516
6.9827
12.4417
4.4634
10.024
9.016
3.952
8.2798
5.7613
9.1121
7.4283
7.9918
7.0291
8.5254
4.9142
5.7023
5.9205
9.7478
4.5079
6.4428
4.8402
5.9662
7.026
9.075
5.1315
3.9661
6.0628
3.2717
6.9333
12.1486
4.7593
10.531
9.7572
4.1731
3.3419
6.0336
6.989
5.5653
5.0148
8.2088
5.1183
9.0076
7.8911
7.495
6.864
9.9426
8.1387
5.4173
5.7611
8.006
8.7322
5.6694
8.035
7.8371
4.1651
7.1613
5.6398
5.5344
8.5934
4.8499
6.5666
4.5529
8.8605
6.9079
4.7787
5.1666
7.743
6.0823
8.1144
7.8013
6.3749
10.657
6.6063
8.1167
7.9147
6.9808
10.0355
6.138
9.8994
10.5245
8.4342
7.737
12.4134
12.4628
14.0214
7.5756
8.2393
5.6724
4.1446
7.5853
4.1076
15.8171
8.669
4.5733
6.1213
7.9749
6.0118
5.5615
9.0683
9.8203
5.0386
5.8393
4.9804
2.781
6.5895
6.1121
5.2505
4.934
8.7536
7.4807
10.6362
11.8477
8.1806
3.8368
4.8099
5.0368
4.7902
3.8716
7.8342
5.6771
5.7809
6.5563
5.2591
9.141
6.5801
9.7457
10.1526
3.0508
8.2669
5.0694
5.5391
8.4446
5.6215
3.664
5.0552
3.5277
8.3277
14.5036
7.8259
15.0895
7.713
4.3757
5.0543
6.5723
8.0331
7.9171
7.8017
4.9248
4.5331
6.6895
10.3123
5.8405
6.9759
8.2384
7.2323
11.5739
4.456
3.1852
6.7624
11.1436
6.4994
4.7467
6.7042
7.8932
9.2968
8.214
5.8454
4.2071
4.1657
7.1614
6.5082
5.6877
10.4966
5.9178
8.8017
13.2212
10.7331
6.4615
6.1732
3.2683
5.352
7.7705
6.6877
5.1954
4.5877
4.3887
4.3224
5.1366
5.7154
5.5344
19.1001
4.8534
6.6444
11.8917
7.4788
6.8312
6.6183
3.8159
13.0934
3.9972
5.1608
9.9445
4.4541
4.2036
4.3289
4.793
3.988
5.0249
4.6343
6.9459
7.1427
7.9685
13.5991
9.347
7.7669
5.57
5.1978
4.1962
5.4052
7.7022
6.9699
10.5429
6.4136
5.0511
8.1907
6.8525
5.0284
17.6901
7.2133
5.068
7.6366
9.385
9.9233
6.4195
6.6616
5.6189
6.6539
6.68
4.8651
3.3196
4.9613
6.0724
3.8316
4.8433
9.8938
3.3834
8.7196
8.7191
7.6804
6.3077
7.8035
8.7584
9.1029
2.5915
3.6479
7.5461
5.1647
4.88
9.6153
7.6239
4.8163
10.3995
7.2709
5.8327
2.8004
10.2188
3.4538
4.7631
9.7158
8.5376
5.7889
8.6727
9.0702
4.9489
5.1523
5.02
6.2116
5.2652
3.1813
6.9159
5.3282
6.3195
6.1447
6.9099
5.5356
11.0203
5.2652
10.3543
5.0063
3.9685
5.3936
3.4066
3.2428
10.5463
5.7708
5.9251
13.4367
9.5258
6.5238
6.5782
7.1106
9.8129
9.9825
7.6237
4.2877
3.8129
16.2859
5.728
8.0025
7.5502
10.6453
7.2687
6.9025
3.7518
9.236
6.8039
6.1122
4.9735
8.1615
3.1355
4.3707
6.5569
5.5311
5.5525
5.7246
8.6712
3.6049
5.6721
5.4821
6.5988
12.9557
12.037
7.495
6.2557
7.4536
2.6848
5.8309
4.0593
8.6489
4.2609
4.7654
3.1841
6.3295
7.1915
10.7487
5.2268
7.2277
6.6429
4.2241
4.174
6.597
4.5944
4.9807
4.5212
6.9578
7.2622
5.4933
9.542
3.8603
11.6447
6.5518
6.9702
7.3016
6.376
9.5091
5.0264
4.0893
7.119
8.8191
9.7404
8.0279
6.835
6.7163
4.4321
6.5232
6.1005
10.4106
8.9819
5.9175
4.5042
4.4053
10.0485
4.9288
4.7927
9.8919
3.551
7.6867
6.7001
4.6058
6.2503
4.7614
4.9038
6.6482
8.9578
4.0859
4.202
7.288
4.6911
4.863
12.065
15.8687
3.7228
4.6625
4.961
7.5928
7.8473
4.7365
4.6638
6.2789
10.7317
9.7669
3.7109
3.6934
6.7238
7.5822
5.5207
6.1
5.141
7.4464
8.1704
7.6537
12.0013
14.974
6.4864
4.7156
4.8272
6.0926
4.9334
5.1382
4.5073
6.3734
7.5435
7.6229
4.5277
6.1413
4.7035
8.0616
4.9618
9.2901
10.0714
4.7938
7.9257
6.6102
5.1618
5.8205
14.4149
7.7113
3.8582
4.7865
8.8027
4.9874
4.9291
8.1814
11.6878
5.1591
9.3564
6.3407
5.7018
7.5753
10.7121
4.575
11.5642
8.627
4.8395
4.5463
11.3444
6.443
8.7267
9.0174
6.5505
5.3816
4.1822
11.4493
11.2509
3.1276
8.5698
11.6448
6.6718
4.6269
6.54
6.733
3.701
7.0181
4.7579
4.4728
9.191
5.1686
8.7154
6.7868
6.1332
7.6758
9.0103
6.6674
7.0784
5.728
3.8236
3.7072
5.7303
3.4799
10.0766
4.7157
9.2822
6.4782
11.9256
6.2029
6.3387
4.904
2.7728
6.364
3.0196
8.0711
9.4526
8.0536
8.9482
9.1629
5.0189
6.7395
6.1572
7.7135
4.6575
6.8409
7.6489
6.801
10.3923
8.834
7.5677
11.6217
3.3668
7.4399
6.1648
5.7084
8.8551
6.4394
2.1989
3.6294
4.2667
6.157
3.7864
6.8566
8.4359
5.0563
5.649
6.7452
10.8348
4.2031
10.1948
3.3957
3.5718
8.069
7.3847
5.8605
3.1298
5.6837
5.6769
5.7927
8.2709
3.9651
6.4686
7.3735
5.7628
6.999
4.9173
6.5378
6.3775
12.012
6.17
7.7148
5.7904
7.2867
4.2612
4.2687
6.7476
6.5536
8.3091
9.841
4.5172
4.6644
6.4038
10.4677
8.758
4.8753
7.5462
4.089
7.7472
4.4212
6.5744
3.897
12.9931
4.7613
5.9983
4.2735
7.9476
12.2968
5.683
8.7685
5.0205
6.3868
7.3907
2.3664
4.9747
3.2616
6.5558
5.7237
6.1486
3.1918
8.0912
5.0926
7.4365
4.8586
5.3513
3.9694
5.8693
6.2339
8.7722
6.948
4.9395
5.8041
4.9887
7.6397
7.2207
9.2427
5.0817
4.6849
5.4186
9.2479
4.8034
5.2356
4.8744
7.1461
6.958
6.8961
5.2965
6.694
9.0361
8.7664
7.2811
9.0539
8.3537
7.748
5.4649
9.2238
12.3931
5.4744
13.8846
6.9357
9.3373
6.2211
6.8428
5.4402
10.9476
4.0691
4.2702
3.9456
5.353
12.2646
10.224
4.0912
10.8659
5.9417
2.8589
4.8623
4.7726
3.0036
5.36
6.0495
7.0659
3.9044
7.78
5.265
5.0879
3.9393
2.986
9.4975
8.9692
5.9026
7.2719
4.743
4.953
4.1702
7.4349
5.5927
4.6887
5.6957
8.016
5.6078
4.1523
7.1592
7.2601
6.3419
17.6319
3.4534
3.6491
5.6435
8.9881
5.2208
11.878
6.7991
9.3579
3.5647
5.8902
4.4488
8.2353
5.4918
4.2662
6.4588
6.0731
8.9051
8.2826
9.4008
10.4146
7.1161
8.7368
4.8091
2.7704
3.9853
11.4845
5.5482
7.9845
6.1612
6.4887
6.652
9.135
9.1505
3.8853
5.4751
6.1392
4.8823
9.921
3.8145
6.2501
5.9641
4.2924
8.955
7.2321
4.2144
4.1
7.0289
2.4385
5.7178
8.7306
5.2414
8.1983
4.8352
6.2184
9.4424
7.3171
3.8766
5.7408
8.6112
6.0631
5.4346
8.1932
11.1229
4.4726
5.3127
7.814
9.17
7.8717
5.7735
5.971
5.9525
8.8288
5.8228
6.5794
6.304
11.8168
4.4233
6.112
6.3336
11.041
6.3506
6.2414
3.0335
9.7133
4.2668
4.9602
5.355
5.6519
6.7045
5.6756
7.0748
12.3033
7.3289
8.2108
3.0717
7.3385
8.537
10.002
5.9374
5.2781
5.1254
9.9026
3.5001
4.5002
4.9594
7.9563
5.1922
4.6021
3.0633
5.9045
3.8007
4.1606
7.1048
7.0539
3.617
3.9411
9.0667
10.5469
2.5025
3.8587
5.0812
5.3482
2.7156
12.0585
6.8604
4.0133
4.4149
5.5662
8.4268
3.674
7.978
6.4159
5.0574
6.2648
6.9822
5.0808
6.3797
5.7916
12.4511
4.7649
5.6434
2.9892
4.3775
5.9445
7.2868
5.7071
4.8056
3.0562
7.8749
7.6675
4.1717
9.8068
5.2731
8.3323
8.9415
9.5063
4.5186
3.3576
3.857
6.2261
11.9246
6.0206
6.7034
5.3913
10.1268
4.6617
6.5009
8.7862
7.8637
7.7875
7.2523
10.9316
5.9397
5.4238
5.3223
4.391
4.1306
6.7704
6.0397
5.823
5.2
6.8953
9.1633
5.0816
10.3585
5.6555
5.4618
9.992
5.6154
8.5317
10.2955
2.7938
7.0666
7.7185
4.1028
4.5541
9.8269
6.1797
7.7452
5.7476
5.2437
2.5175
7.4244
9.4111
4.2139
4.9137
5.3228
5.7254
3.7825
7.5577
8.2676
6.5715
5.3815
5.4003
4.0626
7.5701
3.1839
7.0309
5.1788
10.3483
5.1601
5.3286
14.4669
3.7428
3.4492
6.239
8.0446
5.5175
4.9183
7.8805
2.5556
2.7417
6.9725
6.2797
13.9398
3.2588
8.256
5.0237
8.3286
11.8622
5.8999
6.9745
8.2183
4.3564
7.1338
5.6595
8.105
5.1179
10.8797
6.1142
7.2429
5.6476
8.4603
7.8434
8.5363
8.9506
5.8357
7.6113
4.9299
3.451
4.7243
13.7011
10.7813
4.7374
5.1701
6.9566
7.5377
6.4109
6.7717
6.4386
6.0424
5.6375
5.4635
7.9075
9.6406
12.1638
10.4498
11.0623
7.5974
6.5444
11.6025
8.727
3.8947
5.9453
7.9352
5.9207
7.1204
3.336
4.2338
6.7076
4.6809
5.2916
4.1945
4.2789
6.7108
3.8027
15.7837
11.3464
5.6144
8.736
3.0823
3.1866
10.0038
4.3961
3.0899
6.9057
9.351
8.7228
8.1164
4.6486
3.9705
5.9956
4.2388
7.1231
7.0844
6.213
9.76
4.149
4.8187
5.1827
4.9721
6.4951
7.2283
5.2092
7.4981
6.8231
5.4278
7.0269
5.182
4.2169
5.363
4.8333
6.5008
6.39
10.2526
6.278
4.6075
8.6072
6.0463
6.7688
9.1303
9.3989
5.1447
4.7334
7.9312
8.0589
7.7247
9.1183
7.4381
6.5292
4.0023
4.0171
7.7916
4.1238
10.1661
4.3846
8.5534
4.4671
11.2115
5.2131
4.9036
8.5741
4.716
5.8395
8.1569
3.98
6.8553
6.8037
4.6983
3.4974
5.6603
10.7983
4.7717
4.2094
4.4112
8.7865
14.0444
4.1665
9.8081
4.255
3.6144
6.4195
13.9938
4.386
4.047
4.9508
8.3597
5.5507
6.3683
6.2874
6.9402
6.2074
3.7369
6.6542
5.1722
5.0691
4.607
4.0708
3.9983
4.6404
6.0562
6.0618
10.273
3.7878
7.6075
7.4614
5.0813
3.9924
6.7394
4.3422
2.1129
11.5444
3.1428
5.0826
8.694
8.6743
3.837
7.6296
3.729
5.2856
3.0797
5.4989
5.8782
8.9668
5.761
5.9971
12.2445
8.0011
9.2758
10.252
3.1367
5.2653
5.1716
4.6007
4.4498
4.0397
6.0624
5.7386
5.2665
6.4933
3.3889
12.4413
10.7578
5.4591
6.669
15.1427
8.3678
7.5052
6.8854
5.7163
6.4282
4.6693
7.3497
6.3631
3.2676
3.8597
13.3554
6.1578
5.6642
5.5218
9.1684
10.0603
7.8134
3.9287
6.9676
3.185
8.8516
5.0052
3.7058
6.8622
14.5568
6.5446
5.6872
4.9865
6.5255
5.3994
4.8874
8.2466
5.854
6.5346
3.6965
9.6406
9.0035
7.0273
8.1733
4.6094
5.0034
6.1785
9.8729
3.5896
9.578
6.6106
5.1424
7.3993
8.4722
4.3656
4.2704
4.82
9.7457
3.3226
10.3769
7.2751
6.4525
13.1649
2.3037
9.833
6.4602
8.0914
6.4328
6.7878
5.4904
9.7781
8.0272
8.4088
4.2414
5.8538
9.0029
4.6603
5.9886
5.3745
6.4294
5.427
12.2531
3.2107
5.0973
7.8625
7.1509
6.1487
4.5365
3.7053
6.0645
5.4653
3.4
5.1314
13.8207
4.727
6.8679
6.2773
6.1083
10.1546
3.0135
7.1133
5.9747
4.1646
6.2922
8.1515
5.4981
7.4097
6.4437
6.1352
8.1576
5.3116
7.8895
10.2959
7.0312
5.2807
7.8064
6.1807
5.6245
8.3012
6.4548
7.3969
12.6614
3.6412
2.9057
8.5718
7.1405
4.5045
7.3457
5.0478
5.6209
4.8085
7.0617
3.5347
5.9409
3.7968
5.45
5.6462
3.7522
4.3825
7.0718
7.9561
4.5505
6.0196
10.5671
3.129
4.2675
6.0065
7.2808
5.6407
5.2353
3.1488
6.8496
10.8916
7.3793
6.7446
5.1516
4.6785
3.8348
7.5277
10.7523
2.5724
13.113
4.1118
14.1445
6.0476
5.3125
4.8283
6.3522
10.4856
7.11
11.8516
12.0045
6.8066
7.6427
6.4359
4.4534
7.9335
7.2976
4.2735
8.9625
5.4963
5.2352
11.8778
5.0084
8.9469
3.0819
5.1514
5.2073
6.3016
8.4502
7.0746
4.6323
8.4592
7.3709
10.9534
8.1094
6.6078
4.6209
4.7927
12.2395
3.4335
5.2273
3.9911
8.9877
8.2753
5.505
4.7466
7.7789
3.6449
6.3033
5.6539
5.4901
4.2928
7.8834
3.1289
4.8461
3.3886
7.2618
4.4941
7.2584
7.9028
8.9374
6.2949
5.2693
7.3847
13.8834
6.3348
3.9547
4.3566
6.2456
6.5227
6.9243
5.1956
8.3599
6.835
2.537
9.1291
6.4528
6.4269
8.1521
5.7468
4.2547
7.4895
7.3857
8.6111
10.3307
3.3484
4.0286
8.6707
4.8489
4.7746
4.7239
8.3763
6.3266
7.3761
8.0955
6.5754
6.3275
6.4206
5.379
5.4166
5.3787
6.8922
9.5859
10.834
9.3641
7.0892
5.3526
3.5265
4.6174
5.3167
4.9179
4.9302
4.4605
5.2699
3.3243
4.7599
5.2201
4.9692
10.3071
6.204
5.5272
4.2438
4.9308
3.7832
3.6075
11.0434
5.1236
9.2983
6.2508
3.6227
6.8721
10.154
6.0112
6.141
7.7072
5.1058
6.0501
3.708
3.8039
5.7235
4.5667
4.68
4.4867
4.2659
5.2318
3.8297
4.5883
4.152
8.8265
4.7942
5.433
7.7037
6.3612
10.5312
5.6558
13.0811
7.8478
6.6387
5.2634
3.6675
5.6862
6.073
3.6849
6.3256
4.2391
7.1831
9.4064
4.0564
3.5064
3.8862
6.9012
5.2426
5.6774
5.7093
3.7325
3.2683
2.8639
5.5981
8.7562
7.2233
7.951
4.6412
3.5166
5.8775
6.9251
2.7406
4.0913
9.2111
4.9524
6.8052
6.9918
5.1253
7.5302
3.0523
11.7764
3.9231
5.536
7.9606
8.6991
6.4941
6.315
5.081
4.3522
5.3016
3.9678
6.0225
5.031
4.6954
5.8828
4.7482
5.1753
5.0724
6.3005
4.0868
6.6658
8.5001
6.5438
11.0117
4.5179
8.3332
9.4641
4.2883
4.5208
6.7909
6.9509
11.0366
10.8521
5.6585
6.4203
8.2674
7.0534
11.8211
13.5715
6.8019
7.2557
5.2061
12.2044
3.081
6.7686
5.2336
4.0756
5.0223
13.7669
4.8639
5.9268
4.786
6.188
8.7497
3.571
7.1778
7.5098
5.4299
7.827
6.1867
4.2173
4.9936
9.3387
3.4954
5.6976
7.5578
5.5398
3.5166
7.9474
7.3275
4.3031
9.8975
7.4171
3.299
7.0232
4.9908
4.7436
4.0085
4.5713
10.4509
5.4231
6.6143
6.603
3.222
7.7443
6.8182
5.6269
6.0619
2.9905
12.3088
6.3766
6.2332
5.6257
8.6416
1.5356
11.7531
8.3307
4.2434
6.2127
5.7581
13.9341
11.0788
7.8233
7.8355
3.7355
5.409
5.4177
4.178
7.296
6.6916
7.4174
5.0731
8.4496
8.6625
8.202
6.3158
4.4267
4.6514
7.8962
5.0344
5.781
3.3484
9.0176
12.4669
9.639
6.5784
5.7245
6.345
7.137
11.2374
6.1885
11.0932
7.6385
5.3726
5.3411
6.7442
2.8247
7.3783
3.9874
7.3024
4.6316
4.7531
5.3241
8.1342
9.182
5.281
5.63
6.6372
5.7204
2.8461
9.8768
6.0685
7.8701
5.9426
4.0195
5.0561
5.0839
4.5742
3.3705
3.2156
7.2184
6.1763
8.842
5.0075
6.3723
7.0939
7.1042
7.1285
3.4002
9.1722
7.3244
5.0638
9.4463
8.8957
6.927
7.5333
3.8849
5.3167
7.6477
8.8377
4.2991
7.3348
7.0312
4.3818
6.4143
6.5643
6.703
3.8119
2.7347
7.7908
4.0839
5.9909
4.4645
5.8378
2.6261
6.5158
5.2794
6.7212
3.7346
7.8582
12.2261
2.5956
3.8572
4.6865
3.0323
8.0942
8.0065
4.1334
5.4486
4.1208
3.1415
6.2703
4.54
8.4359
5.369
7.3737
6.7644
5.4008
6.9377
7.9653
7.6704
5.0366
6.2081
5.8614
6.1095
10.2587
4.2521
5.9428
8.4438
5.7562
4.5916
9.3145
5.6685
5.9419
3.643
4.4909
6.1651
11.0123
4.4764
3.6066
6.2156
7.338
4.1639
3.9991
4.0419
7.3789
3.707
4.6969
3.4587
8.1732
5.1
17.1327
5.1493
3.8708
9.3523
7.0368
3.4935
5.3629
3.8169
6.3783
5.7103
8.8498
5.6094
6.1891
5.5606
4.8265
10.2549
4.5355
4.9412
8.5922
9.2351
7.1688
8.4628
6.3335
7.7263
4.1917
6.4481
3.0476
6.8861
4.6954
8.3297
3.83
3.3341
5.0123
3.3846
3.7677
4.9768
11.1422
5.3743
5.5819
3.8555
6.1822
5.0791
4.6298
6.0896
8.2607
5.6148
4.2574
5.0134
4.2982
6.519
4.9516
8.837
9.6047
6.9024
5.2098
6.0281
4.9204
7.084
8.6522
5.1125
4.5379
5.3005
7.976
7.4432
4.9979
8.5535
4.8489
7.8201
6.4222
4.3175
5.717
5.5842
12.1921
3.2347
5.1454
5.8081
6.7264
6.3069
7.328
3.7785
4.9082
7.468
5.4846
5.4819
6.2168
5.5636
7.6716
7.7255
3.7039
4.0581
5.9146
4.5634
6.4637
6.4759
6.7671
7.4358
5.2872
4.5592
15.1296
4.6022
9.6267
9.744
5.5595
8.7682
6.12
10.6379
2.6376
6.7772
4.4995
7.4006
4.7916
4.8676
5.4926
4.274
7.1348
3.5805
6.1192
4.5708
4.5221
6.3448
7.3259
5.8195
6.1389
3.4965
3.3436
7.4617
8.819
7.0199
6.333
7.014
8.9524
6.3113
3.5891
4.7916
7.8998
3.3066
6.332
4.9507
4.6107
3.6551
3.7774
4.8359
6.9664
4.9013
5.0541
4.1629
4.5751
5.0441
8.6758
16.0297
8.9236
3.292
8.9822
4.4767
3.6913
4.9765
6.6573
4.1891
4.3889
9.3041
8.3784
10.4943
3.3357
4.6923
4.5655
4.0122
8.8285
4.4787
4.2968
6.0036
10.8043
8.0505
3.7586
3.9945
4.1007
4.6511
6.9064
3.6648
5.8934
6.6796
6.407
5.7914
8.6444
4.8797
6.0949
6.5679
5.0557
8.9811
4.0335
8.0828
4.2478
4.6361
2.6378
7.0282
4.6096
7.5296
3.6222
5.3075
3.7552
10.5923
6.5407
11.8153
6.5118
5.8915
6.3165
4.3201
8.6663
10.1637
6.9821
4.4351
6.755
8.3628
4.5853
2.7338
8.0243
7.1669
10.6747
7.382
4.3649
5.3157
6.8144
3.9588
6.069
9.2276
5.7106
5.8354
6.5723
4.3731
3.2152
5.1723
5.1288
8.9268
5.9277
3.7666
4.8944
5.2181
3.2335
5.9494
6.9357
7.2973
6.8292
4.2963
7.5759
6.9337
4.6393
12.2711
9.9759
6.8474
4.2804
6.6582
6.4941
4.5808
6.0404
7.5636
4.699
3.976
4.258
2.9631
8.4698
9.1463
5.7821
4.1604
5.0352
7.2008
4.9083
5.4296
5.215
8.5912
3.8473
4.9265
6.2948
4.5134
9.6591
5.7004
4.8526
4.82
4.6707
5.0137
7.9626
5.0237
2.8318
7.8959
4.8748
4.6389
6.9005
3.97
7.6081
4.9538
4.0769
3.5802
5.9365
4.5724
4.9163
2.5368
9.3076
7.3883
7.0257
5.075
12.7898
5.4771
4.2559
5.567
3.4963
7.3918
11.1343
4.9661
5.2817
11.8797
4.0657
10.4981
8.1342
6.4423
5.6924
4.9674
4.3552
4.0767
7.517
7.9825
4.1823
5.8824
6.9746
4.6458
6.328
5.6704
6.7501
4.4373
3.765
3.8686
3.5959
5.2792
5.4615
5.7084
5.6832
3.4153
5.2398
11.0557
10.9845
5.9563
3.8871
8.2309
7.7485
6.1255
7.1399
5.6444
9.1092
7.5742
4.7676
6.0086
5.6049
5.4937
5.0035
7.8343
6.6496
7.3862
3.7731
5.7289
4.6024
7.0693
6.5296
5.0062
6.4425
7.6068
4.6132
4.1256
7.4231
6.7783
4.8026
6.6654
6.3089
10.2358
10.8394
3.5879
6.3038
6.1886
4.6869
5.5089
3.7648
6.8041
7.4787
7.2432
3.1973
13.0195
8.0609
4.2871
6.3149
5.186
3.4532
5.093
6.6151
4.16
5.2744
4.4807
3.9194
5.0442
9.971
5.7092
5.2488
9.7912
9.5235
7.273
12.1427
3.5446
8.5802
4.8205
3.6954
7.0898
7.5792
7.0359
9.0384
4.8546
4.7981
9.3643
2.4972
5.7898
4.3279
4.8757
11.5973
7.758
4.3301
7.4645
8.6333
4.7084
19.1429
7.3967
5.7988
13.5055
4.0169
6.9459
5.9573
9.3027
9.504
7.5204
9.149
4.6041
9.2703
4.9273
5.4911
7.2599
5.7151
4.1445
3.8241
4.9859
6.2622
6.581
4.1867
6.0858
4.5175
4.4639
14.1547
4.7836
2.9878
5.3775
3.5094
4.3857
4.1197
3.8
6.1756
6.1926
4.1505
3.9236
5.394
9.189
4.0921
5.7588
7.114
5.4177
5.5536
6.2541
3.1503
2.2981
7.8195
5.7284
2.7059
6.7883
4.3613
3.7487
9.3332
7.0984
5.8853
5.8356
4.3687
6.411
7.0346
6.2931
5.6422
5.257
4.2368
2.7464
5.1577
6.235
9.6876
3.8561
5.6515
6.3085
7.2324
9.4749
5.2329
6.3351
9.8929
9.2688
9.4974
4.1189
12.5333
13.1618
11.4346
4.669
4.4015
6.4577
4.5025
7.7201
5.0755
5.0474
6.6955
4.9851
6.4925
4.6687
3.7577
8.4587
6.1964
4.3869
4.1349
8.5108
7.0229
7.8817
4.8084
4.7431
11.8125
4.7113
3.4401
5.8714
9.3783
5.9582
3.9505
5.3136
10.4281
5.2448
4.5386
6.7107
6.9682
3.7757
6.9701
4.2049
3.5807
6.6692
8.7574
10.393
8.3895
5.3403
3.0143
9.3186
10.1926
3.5512
4.8546
5.8727
9.7774
3.9654
3.3142
5.2237
6.7006
7.5993
9.1947
6.39
9.4891
7.1111
5.0021
5.077
5.2749
4.0454
4.315
5.4389
9.4498
3.2759
7.1224
4.4068
10.0117
7.6691
6.559
7.9844
3.7802
3.8003
7.9469
3.8184
4.3616
5.4197
5.827
3.5894
7.797
3.3544
5.4241
9.7851
2.2626
9.3999
3.848
3.4137
4.2203
6.1323
5.0885
7.6281
11.3985
5.1789
9.9476
2.9276
4.9021
7.2717
4.8894
6.1583
7.5501
3.1628
8.1958
6.5005
5.3976
6.2184
6.0906
2.7899
5.8864
6.5444
5.0535
3.6957
4.1101
11.7416
4.7598
8.591
3.2381
3.9114
6.199
3.9105
5.5401
7.3532
4.6055
4.0868
5.8936
3.7303
5.2864
7.0508
3.82
3.7897
3.9205
3.258
4.1475
4.5754
6.3791
7.5848
5.3008
8.8038
11.0461
3.0263
7.2818
5.7108
9.2383
7.9707
6.8978
4.9295
6.4371
9.4487
11.9957
6.844
5.0537
4.7591
5.4563
6.6756
5.6374
3.4289
4.1306
4.9061
9.8125
7.9623
3.9683
3.5749
3.178
2.5334
6.137
5.7803
9.9167
4.3812
4.4783
3.7351
6.2347
14.9065
7.4639
4.4458
7.8683
3.166
7.5877
5.6195
3.519
8.0168
4.0609
4.4837
5.3336
5.6181
7.4373
6.0113
3.977
4.1305
3.4046
9.9375
7.46
11.3601
3.5981
20.0907
6.098
6.882
5.6392
13.6612
5.3246
4.5589
3.6759
2.8213
7.1677
3.926
6.5257
3.9788
4.6453
4.6931
4.2463
4.355
8.9143
5.4029
15.3411
8.6731
8.0423
7.3878
5.5251
7.9915
11.1214
5.5018
3.3152
12.3358
8.7358
3.9845
5.9443
5.8944
5.1771
3.9588
4.2367
4.6467
4.776
7.7222
7.4351
8.8736
4.1563
3.8506
3.9732
8.9411
5.1355
4.4507
3.5832
9.8382
7.1333
4.6741
5.9521
8.2094
4.0125
7.1018
11.9544
8.9835
6.1858
9.7176
5.2127
5.7442
3.32
8.0918
4.3139
4.0549
6.3309
4.0224
13.9274
4.7696
6.7945
3.8719
4.9286
9.6492
5.0941
5.3025
4.5955
5.7424
4.9789
14.5299
4.1932
11.2796
9.5338
11.1062
3.4971
6.2583
4.7303
4.245
6.5327
8.3972
2.863
6.4292
9.8884
8.802
9.8366
6.7993
8.0056
5.6091
4.6779
5.8108
8.1084
9.2417
4.7961
8.2533
8.4614
5.2965
6.5743
5.7706
4.3533
8.4723
6.5165
8.3587
4.7388
8.6437
5.695
3.7157
7.6136
5.8597
7.1109
12.3965
8.1158
6.7366
5.1977
5.8587
4.6686
5.1057
6.9341
6.7669
5.5724
5.9703
3.9126
6.8658
3.9789
5.2228
6.6507
2.9245
11.9436
5.8179
18.9273
11.496
10.4243
4.4856
5.8436
8.18
5.3571
5.7073
5.1126
9.3104
3.5526
8.1622
3.9106
9.8633
7.2808
6.6331
3.9215
2.7446
6.7621
3.6869
7.865
2.3668
6.887
4.7637
8.5557
3.5394
3.7821
5.0095
8.4451
4.6909
4.4581
4.7875
3.271
6.9073
4.1492
4.078
9.1846
5.633
3.7387
2.7828
10.5657
5.0785
4.7625
12.0545
14.5937
4.5436
6.2166
11.4046
3.7607
4.762
6.7444
1.9275
8.6468
4.5287
4.7134
5.5163
8.9195
6.6699
6.5905
6.6654
5.5961
3.0195
6.933
5.0038
10.3583
5.681
4.1611
4.4944
3.4051
3.9148
7.7213
3.9961
5.88
7.7116
4.9948
3.7866
3.3749
4.2522
5.14
5.8648
6.6518
5.1925
6.3327
8.1067
4.8783
8.4995
10.9343
4.4954
4.0439
4.488
4.2062
2.9207
5.4324
8.8804
5.3015
10.653
2.8611
7.6138
4.2706
6.5139
3.9856
5.4077
4.9045
3.3625
3.4996
8.6121
4.1999
7.207
4.6238
9.5408
2.5705
6.1656
3.6694
2.5116
3.3987
5.1252
3.7381
7.6529
6.1703
4.8708
3.9172
4.184
8.7971
4.238
5.9656
5.5374
3.8439
2.5108
4.8218
5.6217
4.8707
14.0749
7.4467
7.2161
4.6176
8.6313
10.3657
6.3527
4.9294
5.8047
5.8384
3.4709
3.383
5.1793
5.8371
6.6585
3.4976
8.0405
4.4838
4.3295
8.3929
7.3155
8.2574
6.9207
6.2445
4.6332
4.9705
5.1303
5.4484
4.3962
4.3274
5.6936
5.0276
4.8584
9.905
8.5801
8.4477
4.7937
5.1778
6.6393
12.0329
7.4975
5.1333
4.3917
10.235
4.4734
4.0081
7.5659
5.048
8.3455
4.4911
4.4477
8.2586
6.9696
3.9396
3.9161
4.3956
5.2833
3.8813
4.6412
9.7047
4.0055
7.5333
2.8686
9.6846
5.6199
5.5672
13.2004
5.2811
7.4083
3.139
9.3646
3.9449
9.446
5.6307
4.8997
12.4039
4.1573
5.0175
4.8389
5.2569
8.1317
3.6662
3.2923
9.4776
4.2028
2.3718
5.6889
3.5694
9.3747
7.6803
4.5361
7.5469
3.3767
4.4528
3.4368
4.7952
4.8164
5.2655
8.1883
5.0353
3.4341
8.3067
4.7853
7.224
6.2225
3.3472
7.7942
6.427
4.7129
6.6988
3.9003
10.8684
4.0471
7.8526
7.1235
4.5546
9.0922
4.7459
3.4786
5.9321
5.761
2.6912
8.279
4.3435
4.6976
7.6113
7.1513
5.6588
4.4937
6.4381
9.6004
5.2839
4.044
3.361
3.8421
3.3702
6.7448
4.9815
5.4345
9.1774
5.1549
4.7077
2.5242
6.737
6.8019
7.1212
8.1062
2.5915
5.0666
5.1526
3.2548
6.9438
3.9981
2.8617
3.5002
4.9431
3.9521
6.1107
6.2219
5.0043
7.3149
3.5601
3.6246
3.718
4.3503
13.6009
5.6887
3.0365
4.6521
6.9043
3.9567
6.4452
5.1487
4.4406
11.4947
4.8103
7.0018
5.0474
4.3899
4.8728
5.6529
6.8774
3.2424
7.5278
7.0183
9.2052
6.5923
8.4175
8.9919
4.3356
6.6105
4.3757
4.0722
6.7984
4.3925
4.7428
6.7674
2.3598
5.1137
6.3736
4.3177
8.2436
5.4793
5.3194
2.6606
4.533
6.8679
3.2053
6.1292
6.4885
6.2811
5.0985
8.0596
3.8733
6.0235
17.4758
6.2187
5.6513
2.8096
3.1265
5.1964
13.1996
5.2837
7.2938
4.1072
4.4201
5.6642
3.2046
6.8194
5.3444
4.4806
8.2476
4.0912
3.9615
4.598
3.916
5.504
7.5944
6.5238
9.1544
5.2035
3.2021
5.4107
3.4814
7.6659
5.7536
7.1775
4.3634
5.8466
5.8283
5.0957
4.0501
5.1019
5.2113
4.8279
6.1743
5.3469
4.5624
3.1581
4.1919
10.5515
5.5116
4.3458
9.7605
4.77
3.4528
18.397
4.4985
4.7834
5.0784
3.8862
10.9806
6.0154
4.3578
8.721
3.8761
2.3406
8.8761
5.3236
6.6313
5.0485
3.1789
2.8561
3.4637
7.1457
5.3389
7.8158
5.0265
5.5668
3.3725
5.927
4.7023
5.383
6.3827
6.2323
2.9722
4.4443
5.7976
4.6729
4.2795
4.9063
3.3129
3.1238
4.1104
4.3023
2.7137
4.6628
7.941
3.6091
2.3351
7.0945
5.9783
6.015
7.205
5.36
6.8737
6.8079
12.2711
6.0978
3.9392
5.1421
3.7862
9.022
9.7031
10.0347
4.1427
3.6582
7.7585
5.8243
10.8798
6.4019
4.4847
8.1905
8.0533
3.2833
4.3873
6.6907
5.3063
5.9838
4.9829
5.8452
5.7677
4.2375
5.1455
6.0728
3.4181
5.2282
6.1327
5.0707
4.7245
7.3816
4.8821
2.9566
3.9051
4.9974
12.5216
4.5798
4.3437
9.9006
5.426
6.5999
4.0915
6.0626
4.0593
8.3913
6.6629
3.9693
5.6317
5.1152
9.1408
5.7207
4.9381
7.735
5.6985
6.03
3.8855
5.7899
7.4885
4.632
3.782
7.1654
5.9643
4.2771
6.3384
3.7521
5.4309
6.469
4.3285
6.9885
5.4501
8.5389
7.2357
3.7641
8.4194
2.5412
6.4157
4.7592
9.9007
2.9971
7.1862
5.8342
4.9671
4.9199
3.7094
6.7321
4.8493
8.3292
10.5124
3.7212
5.7755
3.8187
11.9679
9.417
4.1274
5.0786
5.8369
4.1807
9.0519
5.2544
7.6272
9.5213
4.549
3.6328
3.2968
7.1276
12.7751
7.1262
6.7295
6.0797
7.0285
5.8089
6.7051
7.29
5.7975
6.572
7.9664
4.9158
7.1666
6.6078
6.2159
5.5078
5.7931
8.801
4.3525
5.7089
5.2737
4.1126
4.0805
4.6533
6.5917
6.1348
5.4106
16.0491
3.4462
4.5626
7.3176
8.0975
4.1477
8.4563
5.7425
3.434
4.9018
5.638
4.3439
7.25
8.3447
5.1195
10.5973
9.4011
2.3767
8.3875
6.1129
5.9247
5.2217
5.9236
4.3119
4.8996
3.0998
6.4211
4.6538
8.3312
3.1578
4.809
13.1975
5.0608
4.7306
5.6546
7.9256
3.8162
5.993
7.4673
7.6914
5.1228
3.6128
7.5053
4.5704
6.3884
4.8898
4.8447
14.108
5.2049
4.6019
3.23
3.602
8.291
7.4492
3.6474
8.8952
4.5273
7.9585
5.7542
4.796
9.7181
10.7495
4.6163
10.1789
3.9924
8.4312
4.8979
4.2098
4.0507
6.9014
7.512
4.7982
6.9245
7.4774
3.3589
6.1665
3.9605
4.4477
4.2828
3.8898
3.6064
7.0909
4.593
6.6633
8.1603
3.8679
7.4262
3.0978
5.9325
3.2015
4.9725
3.7447
7.2663
8.9847
4.2392
3.9909
3.4394
3.4728
10.1831
4.8285
9.1328
4.9174
7.895
7.8694
8.129
4.4178
4.668
6.3398
3.6303
11.9714
5.4316
5.2229
4.24
3.8595
4.3533
4.6611
3.4214
2.8334
4.4304
5.1002
4.8726
4.1002
6.3078
4.4756
6.8039
9.0152
4.2523
3.8354
7.2012
3.4468
3.7508
3.4917
7.8686
4.6883
3.3625
7.079
8.0013
14.9396
4.863
8.4024
4.5833
4.7552
9.7089
4.2544
5.0793
3.3777
4.2619
7.0648
6.9288
5.5161
5.5146
5.6869
2.5772
4.0295
7.5059
3.5695
10.5408
6.3726
3.7343
6.2169
7.4218
5.8948
3.4103
3.4046
6.4826
5.5618
4.1342
3.3808
5.065
5.8408
8.972
4.7254
2.9259
4.9337
6.0766
10.1367
8.6848
3.6557
6.6149
6.6815
6.795
8.6736
6.3164
5.9139
12.0108
4.9478
5.1451
6.7377
5.7101
8.9782
5.1109
5.0992
7.1673
6.3104
4.4102
4.0835
7.2039
4.9171
3.713
7.2896
7.8083
4.9666
5.8187
2.9012
4.8862
3.1806
6.0771
3.5128
4.0455
4.7143
4.7195
4.6738
4.2358
3.1166
5.1821
8.5896
5.1963
7.6083
4.4982
7.3492
5.2991
6.2799
4.1353
3.9315
6.8916
6.1064
7.058
3.7464
5.0464
3.9807
8.1375
7.3358
3.662
9.5055
7.5273
3.2273
5.2885
6.0224
4.5649
4.6491
5.5715
6.1652
3.4649
7.0915
3.2727
5.2207
5.8796
3.8593
4.9211
3.2991
5.6744
6.237
3.5814
7.1351
11.189
4.8497
5.6843
4.18
6.8031
8.738
7.5217
6.6007
17.628
4.9344
2.9867
5.2143
9.1299
4.2778
4.1445
6.1154
3.0723
9.2206
7.4232
5.8873
4.1823
5.6563
5.3756
6.2933
3.9061
4.3616
7.1209
4.7202
12.5148
6.0169
3.7492
6.1801
11.2693
4.5223
4.9223
7.0275
5.476
5.8167
3.8794
8.7033
4.0908
5.143
4.3898
4.0542
5.353
8.0159
5.8832
5.5152
7.9503
7.3604
6.8545
4.9868
2.9378
14.1098
4.315
3.7181
5.0016
4.1823
3.685
6.0958
3.3226
5.4591
5.6177
6.816
2.9701
4.2319
4.864
3.7432
7.8752
7.8376
2.7995
6.1948
6.1439
7.3411
6.2017
6.0542
7.0761
4.2096
4.0658
5.2107
5.0725
7.3056
6.0578
3.0334
6.8218
7.2025
5.9708
6.6552
4.9014
7.1759
3.4544
8.3143
6.9768
4.5734
3.0044
7.0086
3.9616
3.4099
4.1788
5.0677
6.0076
9.3172
5.6292
5.2633
4.5523
7.4108
11.333
8.6321
16.2935
11.8626
2.4861
8.4041
9.8814
6.0453
4.3259
7.0997
10.0109
7.4719
6.7462
4.3106
9.5684
12.3094
5.2836
5.3143
6.436
5.0834
3.0733
7.9904
5.3459
5.4308
6.592
4.4074
8.6989
5.512
8.0925
8.0064
5.8672
8.4837
3.8799
4.5485
6.2414
6.8389
6.8161
7.8848
6.9356
7.9426
4.306
13.7278
4.2361
4.3461
12.6783
7.56
4.194
3.1725
2.1631
3.9696
5.4593
3.2139
3.6691
3.2597
5.8151
2.5852
3.8214
3.5646
4.4522
6.431
5.4265
4.2998
11.7426
6.6416
8.5837
3.8574
8.7453
4.008
6.9796
5.0893
8.6176
6.8286
4.1397
4.2325
4.0586
6.5454
6.7201
4.509
7.0027
2.8518
4.6761
2.3772
3.3398
2.561
6.4643
4.9006
4.5925
5.0419
6.7771
8.3617
5.6935
5.231
4.68
6.0521
8.2354
4.9021
8.3564
6.5701
7.1668
3.9613
4.4712
7.7792
4.6739
3.4202
5.6854
5.5498
6.4375
3.6848
4.0324
4.27
8.6405
6.6537
5.7335
10.5023
4.9287
4.8969
7.1311
8.1585
3.6321
8.2565
6.6025
4.5227
2.8452
7.0026
3.6911
3.6281
5.2388
4.9992
5.9857
6.019
5.0925
2.2205
2.7154
7.7811
7.5395
3.7498
6.0046
6.9879
8.685
6.2504
4.1977
5.3733
3.3709
4.3631
3.7942
11.5998
6.0781
5.173
4.7697
10.0723
8.7926
7.7323
3.7678
6.3756
8.5433
4.5402
7.1995
5.2256
3.3146
4.8435
6.8089
5.5032
4.9761
